2150774 3136587 2561642 2914773
3983829 2469869 3665790 2180751
2237598 3361 1780972 230594
1872170 78941 1780972 230594
3444410 3965835 3516124 3802509
3231566 690357 2765025 1851710
3277640 2292194 3665790 2180751
135769 50772 1780972 230594
29576 1865177 255250 2000000
3567617 3020368 3516124 3802509
1774477 148095 1780972 230594
1807041 359900 1780972 230594
1699781 420687 1780972 230594
2867703 3669544 3516124 3802509
1448060 201395 1780972 230594
3692914 3987880 3516124 3802509
3536880 3916422 3516124 3802509
2348489 2489095 2561642 2914773
990761 2771300 255250 2000000
1608040 280476 1780972 230594
2206669 1386195 2765025 1851710
3932320 3765626 3516124 3802509
777553 1030378 255250 2000000
1844904 279512 1780972 230594
2003315 204713 1780972 230594
2858315 2327227 2765025 1851710
3924483 1797070 3665790 2180751
1572227 3984898 1566446 4774401
1511706 1797308 2765025 1851710
79663 2162372 255250 2000000
3791701 2077777 3665790 2180751
2172093 3779847 2561642 2914773
2950352 2883992 2561642 2914773
3629602 3854760 3516124 3802509
474030 3469506 -452614 3558516

